105868280
101382947
124434649
102927542
42205075
107594498
34317
11420
180
1568
13107
79161
3457
4094
180
12932
91690
7747
4094
67453
4094
5487
78336
180
12768
64824
4606
2677
94202
2677
180
18826
68277
13176
1648
208
14389
101643
4944
3681
105612
3373
4283
40144
2513
601
4279
4784
4532
625
625
5483
729
729
4702
960
954
8109
880
880
5925
2568
124892
6646
6646
79549
180
13006
67445
3308
1604
4875
2608
637
192
314
5463
5481
5473
102594
17550
133007590
124972227
129375
72718889
71168
161552919
105764883
22966322
2889733
3940723
10038717
842051
15217359
2004553
21957621
16482582
14988514
9290997
11213128
7844495
1406339
10038717
1406339
7951859
2672982
3000181
3461269
3863007
7033317
10423434
7951859
3420852
219266056
4660445
2672982
3000181
14485083
1838856
18212190
21888120
6130167
2603519
26559794
6505271
4540757
3286517
130201241
111248898
29447162
15653844
4782139
4725274
14105641
9316473
3659743
6574669
8778880
389974
229731
3052203
3360240
9919946
7558890
5786539
2552316
20459099
7721980
12453407
3461269
10910610
5410970
9904822
2718015
639540
7335092
1643000
1174540
4048156
6288277
3863007
7079105
7660659
20110728
8014051
3369501
7033317
3958692
10423434
245812
115712
943992
449259
198
198
1764
34
65
52
117785
9734
170
724
34819
22520
1187
15392
7699
1455
2693
2700
11512
115693
3128
3125
10636
98821
630
292
2768
878
41343
36544
53652
144172
166987
9437212
73978293
59971381
94383202
72791429
16300962
4534042624
328241
391576
85804
86849
1219
1073
37591
37672
17394
207390
62786
5316
23170
5256
22973
4525
21805
5229
22807
46080
5640
5445
22967
11057
8531
692
44606
143442
130220
60347
53544
3898
7235
1472
38026
136368
94484
93855
437
694492
1182060
26409
263960
1315755
98150
96679
515770
71312
85313
80952
23983
114269187
129152025
71984253
83295
8464
76281
96358
13534
77405
1918
56032
3697
48099
3361
6700173
78602563
76615174
63801810
37234051
63802548
74044277
58342036
160627
